255
476321
505308
68289
342417
847445
471460
998917
577969
775803
897741
926040
464048
368525
462724
995940
592392
228345
59643
344027
339282
774944
364194
966351
660390
197914
658012
970934
52208
348485
487689
547786
842437
323489
99546
333429
847710
972522
231987
713922
94219
68112
770095
9741
735323
418662
971243
416601
519929
775334
455840
38174
166393
986461
923944
339827
778962
486953
606308
876948
7204
875157
787542
207047
993635
25940
349416
481773
280715
916280
173935
333126
755604
98479
418675
317570
399570
546088
130944
362413
78633
419014
402730
370738
863037
146705
284946
384315
395363
112213
977377
478380
640531
134881
389818
867773
945754
895749
30223
540893
714376
427283
317345
106061
154841
797824
838129
434314
504469
161214
774260
113297
847455
413309
707630
688857
147490
799666
281053
164091
397597
952443
738436
250019
853327
999629
197721
417719
160076
585971
620214
888674
811368
872538
831613
318241
782109
840632
622783
76568
369309
515789
912524
711962
242515
48925
189888
393600
457142
944207
970182
873653
716155
107014
796707
783323
478982
800395
399312
882918
611309
44734
981251
223047
145379
472848
247408
42141
377594
161555
709798
624961
968780
500760
10380
277386
932124
732443
486539
34688
394799
394408
971230
713697
801551
537508
867583
443652
791930
250041
866922
866161
327637
719349
289466
781707
772397
788160
918580
138173
534021
722008
372338
906389
566762
694119
510195
568290
501842
315427
107980
655223
424962
389922
50985
17097
351860
959327
592790
277489
266442
616150
806564
235471
180750
10410
215928
811847
52010
452919
734082
505664
549200
526781
462735
226233
600106
658756
606481
796616
369502
673523
743622
386419
820119
456322
961039
624875
290259
983295
908555
169672
585404
143882
657347
62575
