100
886823
567038
823628
987797
248079
630107
378836
963768
722887
802134
656071
619683
937598
691368
156667
559099
763899
994047
277947
218159
770312
769306
853168
551208
57266
11388
918924
917582
950207
746476
370523
722446
463218
150761
327939
421663
469995
610258
854924
463368
528311
187171
250595
413962
576577
100371
61147
149724
693225
657355
512183
64535
30299
566582
305730
599727
16370
124231
48065
409289
815121
250109
849643
497077
82522
894716
462121
808524
562652
762782
744915
412276
154090
659103
139992
191531
153265
697639
512455
216790
198948
116530
726216
329871
465480
202126
738870
743824
842078
755944
601743
761297
253997
786984
606678
874059
221020
601028
856568
115033
