83
1
0 1
127
1 12
1 15
1 30
2 19
2 58
4 15
4 30
4 32
4 43
5 27
6 12
7 16
8 1
9 44
9 45
9 58
10 47
10 58
11 14
12 4
12 43
12 48
13 40
14 2
14 8
14 16
14 35
15 55
16 34
17 14
17 33
17 61
18 13
19 28
19 45
20 5
20 9
20 19
21 30
21 61
22 47
23 5
23 11
23 33
23 38
23 63
24 15
24 30
24 41
24 58
25 20
25 22
25 25
25 33
25 58
26 6
27 59
28 2
28 64
29 9
29 10
29 26
29 45
31 29
31 47
32 1
32 17
33 2
33 46
34 24
35 2
35 38
35 43
37 0
37 9
38 26
38 33
39 2
39 31
40 23
41 59
42 25
43 20
43 55
45 37
45 43
46 15
46 37
46 62
47 12
47 14
47 53
48 43
49 51
49 62
50 60
50 62
51 1
51 40
52 31
52 43
53 7
53 29
53 59
54 43
54 47
55 3
55 40
56 2
56 9
56 45
56 52
57 27
57 48
57 59
58 35
59 18
59 48
60 15
60 25
60 36
61 34
62 30
62 31
62 61
63 61
64 13
30
0 11
1 7
1 18
3 14
3 16
4 16
5 11
5 12
7 5
7 7
8 3
9 3
10 0
10 9
12 0
12 5
12 13
13 10
14 15
15 4
15 6
15 18
17 7
17 14
18 2
19 3
19 10
19 11
19 20
20 14
93
0 15
0 18
1 12
2 2
2 17
2 19
3 4
3 5
3 30
3 39
4 7
4 36
5 4
5 23
5 38
6 0
6 36
7 33
7 36
7 37
8 8
8 15
8 26
8 38
9 16
10 2
10 4
10 23
10 29
10 39
11 21
11 28
12 8
12 9
12 30
13 38
14 26
14 28
14 31
14 33
15 1
15 7
15 29
15 36
16 1
16 2
16 8
16 34
16 36
16 38
17 3
18 14
19 2
19 9
19 28
19 31
20 39
21 1
23 1
23 25
24 1
24 2
25 3
25 22
25 37
26 26
26 36
27 28
28 20
28 23
29 23
29 34
30 19
30 23
31 5
31 21
31 37
31 39
32 19
33 12
33 14
33 21
33 23
33 24
33 26
34 3
34 26
34 33
35 24
37 16
38 30
39 2
39 10
108
0 22
0 30
0 32
0 33
0 39
0 43
1 3
2 2
2 6
2 26
2 29
2 36
2 38
3 7
4 11
4 27
4 37
5 23
5 37
5 41
6 1
6 42
7 21
8 20
8 22
9 0
9 29
9 44
10 0
10 40
11 10
11 45
12 5
12 33
13 33
14 1
14 8
14 12
14 21
14 41
15 19
16 23
16 45
17 2
17 15
17 25
17 33
18 1
19 15
19 23
20 45
22 1
22 29
22 31
22 36
24 11
25 7
25 10
26 26
27 8
27 11
27 35
28 11
29 27
29 32
30 29
30 36
32 21
32 22
32 27
33 8
33 16
33 27
33 30
33 33
33 43
34 22
34 29
36 19
36 38
37 5
37 18
37 21
37 27
38 4
38 22
38 31
38 33
39 0
39 6
39 32
39 38
40 1
40 6
40 28
41 1
41 27
41 28
42 2
42 7
42 20
42 36
43 13
43 36
44 12
44 27
44 45
45 14
209
1 12
2 22
2 37
2 48
3 33
3 67
3 71
4 37
4 52
4 58
5 13
5 38
5 49
6 51
7 4
7 30
7 50
8 11
9 12
11 19
11 22
11 38
12 9
12 32
12 46
13 7
15 72
16 19
16 20
16 45
17 65
18 2
18 74
19 30
19 49
19 64
19 70
20 31
20 41
21 6
21 67
22 24
22 39
22 48
22 58
23 31
23 48
23 56
23 69
24 21
24 55
24 66
24 71
25 1
25 28
25 50
25 52
25 53
25 64
26 24
26 26
26 52
26 53
26 65
26 66
27 42
27 58
28 27
29 26
29 43
29 46
29 55
29 57
29 69
30 15
30 46
30 58
31 49
31 60
31 65
31 72
33 26
33 43
33 58
34 0
34 30
34 34
34 39
34 56
34 69
34 71
35 77
36 19
36 35
36 47
37 4
37 20
37 47
37 60
37 66
37 77
38 13
38 14
38 23
38 27
38 73
39 54
40 40
40 63
41 7
41 13
41 60
41 74
42 25
42 29
43 14
43 39
44 37
46 7
47 39
47 65
48 1
48 10
49 29
49 34
49 45
49 70
49 76
50 9
50 63
51 33
51 59
51 71
51 73
52 2
52 12
52 52
52 60
52 66
52 68
52 73
54 3
54 15
54 24
54 27
55 30
55 31
55 34
55 55
56 15
56 32
56 46
56 66
58 72
59 59
59 69
59 77
60 7
60 36
60 43
60 63
61 0
61 31
61 48
61 50
62 4
62 14
62 36
62 71
63 52
65 5
65 20
65 34
65 45
66 0
66 29
66 37
67 0
67 17
68 60
69 22
69 43
69 62
70 3
70 16
70 59
70 72
71 13
71 16
71 20
71 23
71 28
73 27
73 41
73 69
74 10
74 26
74 48
74 59
74 68
74 69
75 6
75 60
75 73
75 77
76 31
76 72
77 9
77 12
97
0 18
0 47
1 32
2 22
2 25
2 56
3 50
3 52
4 51
5 6
5 25
6 2
6 11
8 1
8 13
8 28
8 48
8 56
9 11
9 49
10 42
11 43
13 36
13 57
14 36
15 26
16 17
16 35
18 1
18 2
18 4
19 24
20 2
20 32
20 44
21 1
21 13
21 21
21 33
21 39
21 49
21 51
21 54
22 9
23 21
25 50
27 32
27 43
27 47
28 31
29 18
29 22
29 42
29 50
30 13
30 31
31 35
32 8
33 24
33 26
34 12
34 35
35 6
36 55
37 12
37 51
38 19
38 53
39 7
39 8
39 41
39 51
40 46
40 47
41 44
44 4
44 50
45 22
45 25
45 55
47 24
47 28
48 4
48 13
49 7
49 29
49 49
51 37
52 56
53 51
54 36
54 41
54 49
56 21
57 33
58 1
58 50
20
0 0
0 2
0 9
1 7
1 8
3 5
4 0
4 1
4 6
5 4
5 5
6 1
6 9
7 4
7 7
8 4
8 6
8 8
9 1
9 3
13
0 6
1 1
1 7
1 8
2 4
2 10
4 9
5 3
6 3
7 2
7 8
10 0
10 10
25
0 6
0 10
0 13
1 17
3 1
3 3
3 15
4 4
4 5
4 14
5 11
6 2
7 16
8 2
8 10
10 12
11 9
11 16
12 9
12 12
12 14
13 13
14 2
14 9
16 1
148
0 48
1 23
1 40
3 0
3 35
3 52
3 58
4 22
4 39
4 43
4 62
4 65
5 40
7 6
7 35
8 28
8 39
8 51
9 23
9 45
9 48
9 67
10 8
10 15
11 9
11 15
11 64
12 46
13 13
13 43
14 37
14 50
14 63
15 6
15 17
15 21
15 53
16 40
16 49
16 53
17 18
18 23
18 35
18 43
19 33
19 40
19 49
20 61
21 21
21 40
22 13
22 29
22 35
23 5
23 12
23 20
24 34
25 20
25 31
25 35
27 44
27 46
28 33
29 4
29 13
29 26
29 53
30 12
30 23
30 55
30 58
32 3
32 41
32 43
32 52
33 7
34 54
35 8
35 25
36 0
36 2
36 19
36 57
37 24
37 34
37 51
37 64
38 67
41 0
41 24
41 25
41 45
42 64
43 7
43 22
43 55
43 62
44 10
45 5
45 7
45 57
45 65
46 36
46 43
46 67
47 15
48 20
48 50
48 62
49 60
50 16
50 22
50 23
50 51
50 56
50 58
50 60
50 61
50 67
51 64
52 1
52 33
52 48
54 28
54 68
55 51
56 55
58 20
58 31
58 32
59 6
59 50
59 61
60 8
60 39
60 53
62 41
62 48
62 54
62 60
62 68
63 31
64 13
66 34
66 68
67 1
67 18
67 67
181
1 10
1 54
2 4
2 27
2 70
3 14
3 39
5 20
5 28
5 33
5 63
6 11
6 69
7 36
8 15
8 39
8 62
8 72
9 41
9 54
10 7
10 63
11 48
11 54
12 19
13 1
13 34
13 39
13 52
14 22
14 64
15 7
15 14
16 9
16 29
16 33
16 50
17 13
19 54
20 24
21 20
21 41
22 39
22 53
22 54
23 9
23 38
23 49
23 55
24 16
24 17
24 57
25 1
25 3
25 59
26 5
26 15
26 51
27 62
28 2
28 60
28 71
29 21
29 30
29 71
30 30
30 52
30 67
31 6
31 17
31 29
31 39
32 0
32 22
32 29
32 49
33 29
33 35
34 3
34 23
34 43
35 3
35 19
35 36
35 41
36 0
36 28
36 64
37 56
38 27
38 34
39 17
39 35
39 49
40 55
40 59
40 61
40 62
41 15
42 24
42 26
42 39
43 3
44 32
44 68
45 38
46 41
46 49
46 67
47 15
47 43
47 63
48 19
48 21
48 45
48 60
48 62
49 13
50 32
50 58
51 5
51 57
52 14
52 22
52 45
52 54
53 23
53 24
53 40
53 68
54 54
55 60
55 67
55 70
56 16
56 22
56 32
57 4
57 19
57 20
57 23
58 14
58 50
58 64
59 40
59 54
60 8
60 45
60 57
61 40
62 14
62 17
62 18
62 51
62 60
62 64
63 0
63 14
63 39
63 46
64 34
64 44
64 51
64 59
65 14
65 18
65 70
66 9
67 5
67 33
67 46
68 34
68 49
69 38
70 20
70 28
71 9
71 10
71 16
71 56
72 13
86
1 20
1 27
2 13
2 16
2 26
3 2
3 17
3 24
3 25
3 28
4 15
4 21
5 4
5 13
5 14
5 22
5 31
6 12
6 31
7 3
7 9
7 11
7 15
7 20
8 24
8 30
9 9
10 8
10 20
10 25
11 0
11 13
11 31
13 2
13 3
13 8
13 11
13 23
14 4
14 14
14 31
15 2
15 13
16 16
17 4
17 6
17 18
17 20
18 6
18 20
21 11
21 15
21 18
21 23
21 30
22 19
23 18
23 19
24 5
24 18
25 17
26 5
26 8
26 11
26 12
26 14
26 19
26 28
27 3
27 9
27 14
27 15
27 20
27 26
27 28
28 10
28 29
29 30
30 4
30 9
30 11
30 20
30 21
31 5
31 13
31 31
114
0 18
0 47
0 51
1 1
1 47
2 22
2 24
2 50
3 22
4 16
5 19
5 21
6 11
6 26
6 49
7 15
7 20
7 28
7 36
8 46
9 1
9 18
9 40
10 53
11 43
12 9
12 18
12 26
12 37
13 2
13 43
14 6
15 11
15 22
15 28
15 40
15 47
17 42
18 52
19 5
20 24
20 33
21 0
21 24
21 54
22 19
22 20
23 14
23 15
23 16
23 31
24 37
26 39
26 43
27 24
28 43
28 44
29 40
30 30
30 41
30 46
31 4
31 6
31 39
32 18
33 23
33 42
33 48
33 54
34 35
35 9
35 40
36 12
37 44
38 0
38 6
39 3
39 5
39 19
39 22
39 34
39 45
40 10
40 20
40 53
41 25
41 28
42 1
42 3
42 52
43 15
43 18
43 26
43 31
43 36
44 18
44 34
44 50
46 3
48 28
48 31
48 44
48 45
49 15
49 41
50 12
50 43
51 23
51 35
51 41
52 11
54 1
54 55
55 55
350
0 3
0 18
0 35
0 77
1 34
1 76
1 77
2 10
2 12
2 24
2 51
3 10
3 13
3 57
3 72
4 2
4 40
5 62
5 64
5 89
6 7
6 19
6 22
6 35
6 44
6 45
7 10
7 12
7 22
7 77
8 11
8 29
8 85
9 31
9 75
10 24
10 83
10 86
12 0
12 6
12 30
12 66
13 7
13 24
13 25
13 41
13 63
13 66
13 81
14 3
14 51
14 84
15 0
15 23
15 29
15 38
15 46
16 13
16 23
16 42
16 55
16 71
16 75
17 0
17 24
17 44
17 75
17 90
18 0
18 5
18 16
18 48
18 50
19 78
20 11
20 27
20 38
20 43
20 44
20 55
20 60
21 1
21 4
21 23
21 74
21 89
22 9
22 33
22 65
23 5
23 24
23 42
23 44
23 49
23 83
24 2
24 18
24 37
24 75
25 1
25 77
26 33
26 42
26 46
27 60
27 87
28 18
28 33
28 48
28 55
28 57
29 90
30 62
30 86
31 40
31 61
31 84
32 20
32 35
32 63
33 24
33 73
33 86
33 87
34 20
34 83
35 18
35 62
35 83
36 15
36 21
36 27
36 51
36 60
38 21
38 36
38 39
38 41
38 47
38 89
39 18
40 0
40 17
40 22
40 61
40 75
41 27
41 45
41 63
41 70
41 71
42 48
43 5
43 9
43 17
43 21
43 22
43 35
43 77
44 2
44 14
44 21
44 61
45 44
45 53
46 8
46 20
46 41
46 83
46 87
46 91
47 20
47 35
47 85
48 25
48 33
48 35
48 44
48 58
48 61
48 84
49 9
49 32
49 36
49 48
49 91
50 9
50 14
50 19
50 30
50 42
51 9
51 39
51 87
51 90
52 6
52 22
52 31
53 3
53 7
53 11
53 21
53 26
53 27
53 61
53 67
53 70
53 88
54 51
54 89
55 0
55 28
55 48
55 54
55 78
55 82
55 90
56 33
56 52
56 91
57 0
58 38
58 58
58 83
59 18
59 54
59 71
59 76
60 1
61 12
61 16
61 44
61 77
61 83
61 86
62 8
62 11
62 45
62 51
63 20
63 56
63 58
63 61
64 8
64 25
64 83
64 84
64 90
65 38
65 43
65 48
65 58
65 78
66 0
66 7
67 42
67 45
67 49
67 68
68 35
68 46
69 16
69 28
69 38
69 50
69 54
69 72
69 79
70 25
70 33
70 81
70 90
71 11
71 13
72 62
72 91
73 10
73 22
73 84
74 24
74 33
74 46
74 48
74 49
74 61
74 65
74 68
75 24
75 49
75 77
76 8
76 13
76 23
76 38
76 78
77 2
77 3
77 13
77 18
77 21
77 34
77 40
77 65
77 75
78 61
79 48
79 53
79 56
80 2
80 8
80 10
80 12
80 16
80 34
81 9
81 22
81 39
82 43
82 50
83 4
83 23
83 27
84 6
84 13
84 17
84 35
84 44
84 51
85 19
86 31
86 43
86 86
87 25
87 79
88 0
88 32
88 38
88 48
89 39
89 48
89 53
90 4
90 30
90 57
90 60
90 75
90 86
91 10
91 33
91 71
144
0 25
0 65
1 21
1 50
1 63
2 16
2 31
3 20
3 25
3 35
3 52
4 12
4 26
5 70
7 22
8 1
8 15
8 72
9 3
9 53
10 72
11 25
15 12
15 50
16 65
16 66
18 29
18 38
18 52
20 0
20 39
20 66
21 17
21 23
21 50
21 57
23 27
23 38
23 48
23 50
24 11
25 45
25 70
26 6
26 63
27 37
27 45
28 28
29 18
29 64
30 34
31 9
33 12
33 24
34 4
34 62
34 65
35 18
35 32
35 45
35 62
36 15
36 25
36 51
36 64
37 44
37 48
38 9
38 13
38 29
38 60
39 32
39 74
40 30
40 38
41 15
41 52
43 7
43 41
44 27
44 39
44 48
45 1
45 43
45 71
46 10
46 29
46 32
46 36
46 67
47 42
48 4
48 9
48 66
49 5
49 25
49 62
50 28
51 14
51 58
52 31
53 12
53 19
53 34
53 40
54 59
55 35
55 37
55 47
56 28
56 68
57 0
57 35
58 2
59 5
59 61
60 4
60 41
61 17
61 43
63 0
63 16
63 33
63 38
64 46
64 50
65 21
65 36
66 4
66 60
66 70
67 0
67 25
67 69
68 8
69 33
71 28
71 57
73 12
73 13
74 6
74 32
74 61
74 67
144
0 32
0 45
1 33
1 52
2 23
3 46
3 53
4 12
4 24
4 33
4 42
4 45
5 2
5 35
5 39
6 16
6 52
7 6
7 23
7 46
8 20
8 27
8 35
8 47
9 4
9 29
12 16
12 26
12 30
14 2
14 26
14 44
14 52
15 37
15 44
16 4
16 16
16 39
17 22
17 40
17 51
18 7
18 9
18 16
18 45
18 49
19 20
19 38
20 36
21 45
22 31
22 47
22 48
23 51
24 29
24 31
24 39
24 47
25 6
25 16
25 38
26 14
26 22
27 6
27 11
27 28
27 55
28 17
28 18
30 43
31 2
31 22
31 31
31 46
31 47
32 2
32 3
32 13
32 15
33 7
34 5
34 41
35 28
36 47
36 53
38 14
38 15
39 1
39 11
39 33
40 4
40 25
40 36
40 39
40 41
40 42
40 47
41 30
41 47
41 49
42 1
42 24
42 52
43 17
43 22
43 26
44 55
45 11
45 16
45 49
46 10
46 14
46 28
46 40
46 46
47 13
47 17
47 26
47 42
47 52
48 20
48 40
49 0
49 10
49 28
49 51
50 1
50 18
51 1
51 5
51 12
51 38
51 43
51 48
52 1
53 1
53 14
53 40
53 55
54 13
54 25
55 18
55 26
55 48
35
0 3
0 6
1 1
1 9
2 0
2 4
2 12
3 6
4 5
4 9
5 2
5 4
6 11
7 8
7 10
7 11
9 1
9 8
10 0
10 13
11 5
11 10
11 12
13 7
13 11
14 3
14 6
15 1
16 0
16 3
16 5
16 6
16 9
16 13
16 14
122
0 42
0 47
1 21
1 52
2 33
2 42
3 16
3 23
4 32
4 59
5 11
5 33
6 7
6 23
6 40
6 42
8 54
9 39
10 27
10 30
11 11
11 21
12 59
14 36
14 66
15 0
15 7
16 35
16 52
20 51
21 13
21 55
21 60
22 3
22 8
22 24
22 72
23 53
24 19
24 72
25 3
25 18
25 19
25 60
26 21
26 33
26 51
27 6
27 50
28 49
28 60
29 71
30 21
31 26
31 53
32 16
32 55
33 29
33 56
34 63
35 8
36 62
37 34
38 25
38 26
38 30
38 52
39 1
40 57
41 18
42 31
43 12
43 45
43 60
44 22
44 35
44 68
45 7
45 36
45 71
46 29
46 30
47 39
48 4
48 11
48 37
49 68
49 69
50 5
50 41
51 24
51 61
53 56
55 3
55 63
56 13
56 46
56 53
57 63
58 4
59 17
60 39
60 57
61 40
61 55
63 33
63 64
65 26
67 25
68 27
68 54
68 61
69 43
69 47
70 57
70 70
71 2
71 10
71 36
71 37
72 3
72 5
318
0 16
0 27
0 31
0 32
0 36
0 57
0 63
1 8
1 10
1 19
1 29
1 38
1 43
1 45
1 61
1 66
2 5
2 47
2 48
2 66
2 67
3 8
3 53
4 7
4 22
4 44
4 54
4 67
5 13
5 25
5 34
5 45
5 64
6 16
6 33
7 7
7 9
7 14
7 24
7 27
7 28
7 38
7 47
7 60
8 5
8 33
8 62
9 4
9 22
9 33
9 38
10 28
10 67
11 3
11 10
11 21
11 35
11 36
11 56
11 58
11 63
11 66
12 23
12 35
12 36
12 68
13 20
13 44
13 47
13 50
13 52
13 56
13 60
13 67
14 8
14 36
14 38
14 42
14 66
15 14
15 33
15 35
15 39
15 43
15 44
15 52
15 60
16 41
16 67
17 3
17 15
17 24
17 25
17 49
18 12
18 25
18 28
18 34
18 43
18 60
19 34
19 35
19 63
19 64
19 67
20 6
20 11
20 12
20 16
20 47
20 53
21 18
21 36
21 44
21 62
22 8
22 40
22 42
23 8
23 31
23 36
23 43
23 56
23 59
23 63
23 67
23 68
24 17
24 28
24 61
25 0
25 5
25 11
25 21
25 27
25 38
25 40
25 51
26 12
26 31
26 40
26 45
27 9
27 47
27 56
28 13
28 25
28 61
29 0
29 7
29 17
29 57
31 8
31 35
31 41
31 54
31 62
32 1
32 12
32 20
32 30
32 46
33 19
34 17
34 24
34 39
34 56
35 22
35 25
35 48
36 5
36 9
36 53
36 58
36 61
37 14
37 28
37 35
37 36
37 41
37 53
37 59
37 66
38 12
38 16
38 26
38 42
38 48
38 49
38 58
38 61
39 10
39 31
39 44
40 2
40 6
40 65
41 1
41 32
41 41
41 54
41 66
41 68
42 47
43 5
43 6
43 23
43 27
43 39
43 55
44 21
44 39
44 40
44 48
44 62
45 25
45 32
45 34
45 47
45 57
45 60
45 65
46 3
46 51
47 18
47 26
47 43
48 29
48 43
48 56
49 2
49 12
49 31
49 60
49 64
50 4
50 36
50 48
50 57
50 68
51 2
51 40
51 61
51 63
52 0
52 7
53 17
53 18
53 19
53 26
53 27
53 45
54 9
54 50
55 9
55 28
55 51
55 66
56 2
56 3
56 14
56 16
56 23
56 38
56 44
56 59
56 65
57 7
57 11
57 17
57 25
57 41
57 45
58 4
58 46
58 65
59 63
60 51
60 61
61 2
61 31
61 35
61 36
61 38
61 40
62 12
62 22
62 27
63 1
63 8
63 18
63 22
63 26
63 28
63 31
64 20
64 25
64 27
64 36
64 58
64 67
65 1
65 3
65 13
65 51
65 56
66 15
66 16
66 34
66 51
66 54
66 65
67 22
67 56
68 16
68 42
68 52
68 59
142
0 1
0 8
0 26
0 44
1 6
1 22
3 33
3 38
3 46
4 20
6 31
6 33
7 42
8 14
8 35
8 68
9 8
9 25
9 39
10 6
10 49
10 62
11 1
11 36
12 1
12 56
12 64
13 33
14 12
14 39
15 6
15 13
15 68
16 7
16 22
16 29
16 47
17 16
17 39
17 53
17 59
18 3
19 35
20 43
21 7
21 12
21 15
21 44
23 2
23 5
23 55
23 57
24 15
25 36
25 55
26 10
26 35
26 60
27 6
27 11
27 19
27 26
27 29
27 54
28 9
28 56
29 17
29 69
30 3
30 8
33 0
33 52
34 2
35 7
35 41
35 45
36 22
37 2
37 25
37 59
38 21
38 35
39 13
40 30
40 48
40 66
41 18
41 61
42 1
42 32
43 10
43 32
43 55
44 29
44 62
45 6
46 0
47 45
48 19
49 15
49 50
50 19
51 2
51 33
53 15
53 22
53 41
53 54
53 59
53 67
54 6
54 27
54 36
54 43
54 51
54 62
56 67
57 0
57 7
57 48
58 25
59 10
59 25
59 57
60 2
60 12
60 18
61 9
62 11
62 19
62 54
63 6
63 12
63 34
63 61
65 25
65 64
67 0
67 18
67 42
68 12
69 44
249
0 4
0 63
1 4
1 11
1 32
2 31
3 33
3 48
3 54
3 70
4 51
4 64
4 65
4 66
4 74
5 45
6 8
6 55
6 65
6 74
7 4
8 0
8 58
8 68
9 17
9 18
9 30
9 46
9 64
10 7
10 31
10 35
10 42
10 57
10 78
11 24
11 40
11 43
12 39
12 42
12 43
12 44
12 63
13 4
13 13
13 31
13 51
14 54
14 63
15 3
15 18
15 33
16 55
17 72
17 77
18 9
18 10
18 40
18 73
19 6
19 36
19 51
20 21
20 39
20 54
20 66
21 24
21 41
22 57
22 77
23 1
23 17
23 26
23 35
24 14
24 19
24 25
25 43
25 63
25 74
26 19
26 36
26 42
26 50
27 10
27 29
27 30
27 61
27 76
28 31
28 52
28 53
28 58
28 77
29 8
29 18
29 41
30 9
30 49
30 56
31 16
31 40
31 65
33 40
33 49
33 78
34 15
34 43
34 61
35 26
35 53
35 76
36 4
36 13
36 32
36 42
37 7
37 37
37 57
37 63
37 67
37 69
38 9
38 35
38 72
39 13
39 40
39 66
40 13
40 37
40 46
40 52
41 40
41 67
42 75
43 1
43 6
43 15
43 71
44 1
44 47
45 10
45 49
46 22
47 41
47 45
47 70
48 4
48 14
48 29
48 32
48 42
49 12
49 56
50 0
50 31
50 75
51 18
51 24
51 41
52 22
53 21
53 41
54 12
54 56
55 16
55 26
55 40
55 64
56 8
56 21
56 47
56 76
57 5
57 6
57 30
57 52
57 74
58 19
58 48
58 66
58 70
59 16
60 54
61 12
61 21
61 41
62 14
62 28
63 7
63 27
63 37
63 51
64 25
64 69
64 70
65 33
65 39
65 56
65 73
66 6
66 23
66 34
66 39
66 50
67 18
67 71
68 15
68 24
68 75
69 7
69 56
69 61
69 76
70 68
71 33
71 36
72 14
72 29
72 35
73 0
73 15
73 28
73 31
73 38
73 54
73 55
73 60
74 73
75 9
75 19
75 25
75 48
75 52
75 60
75 65
75 72
76 37
76 38
77 33
77 46
77 71
78 6
78 14
78 20
78 37
78 41
78 48
78 50
195
0 32
0 42
0 57
1 56
2 7
2 10
2 20
3 8
3 47
4 3
4 16
4 47
4 61
5 1
5 5
6 20
6 38
6 43
7 38
7 55
8 38
8 40
9 9
9 23
9 60
10 3
10 4
10 32
10 58
11 6
11 14
11 15
12 0
12 47
13 13
13 21
13 44
13 53
13 61
14 26
14 27
14 57
15 8
15 45
16 2
16 7
16 50
17 36
17 45
17 49
18 0
18 7
18 22
18 30
18 39
18 40
18 49
19 24
19 25
19 40
20 18
20 25
21 4
21 11
21 35
21 45
21 61
23 17
23 32
23 52
24 27
24 32
24 35
24 52
24 57
25 21
25 26
25 35
26 56
27 42
28 7
28 23
28 28
28 44
28 58
30 42
30 56
31 2
31 60
32 34
33 3
33 11
33 37
34 2
34 6
34 17
34 34
35 10
35 51
35 53
35 56
35 59
36 24
36 30
36 35
36 56
37 4
37 40
37 52
38 3
38 11
38 23
38 49
38 51
38 58
39 1
39 19
39 29
39 37
39 55
40 1
40 9
40 23
41 20
41 44
42 15
42 42
43 54
44 26
44 51
45 35
45 40
45 41
45 42
45 50
46 11
46 32
46 38
46 40
47 22
48 2
48 33
48 41
48 55
49 13
49 33
49 34
49 55
50 6
50 10
50 11
50 57
51 1
51 31
51 36
51 59
52 1
52 6
53 10
53 56
54 4
54 11
54 23
54 26
54 27
54 30
54 33
54 49
54 60
55 21
55 23
55 44
56 1
56 2
56 6
56 25
56 38
56 55
57 40
57 43
58 10
58 47
58 52
58 54
58 58
58 60
59 10
59 38
59 40
60 47
60 57
61 19
61 31
61 43
61 55
236
0 18
1 41
1 73
2 23
2 32
2 58
3 1
3 80
4 67
5 13
5 15
5 25
5 40
5 53
5 69
6 14
6 55
7 43
7 53
7 74
7 77
8 15
8 62
8 71
9 44
9 67
10 54
11 69
11 81
12 26
12 56
12 82
13 14
13 29
13 58
13 59
13 76
14 18
14 57
14 58
14 82
15 12
15 42
15 56
15 65
15 77
15 80
16 31
16 36
16 52
17 13
17 45
18 35
19 1
19 46
19 56
20 3
20 17
21 5
21 35
21 61
22 61
22 67
23 1
23 3
23 24
23 72
24 21
24 67
25 30
25 40
25 48
25 80
26 37
26 51
27 21
28 16
28 31
28 38
28 56
28 59
28 74
29 12
29 81
30 0
30 2
30 45
30 50
30 62
31 2
31 4
31 27
31 48
31 64
32 3
32 23
32 73
33 9
33 23
33 32
33 37
33 38
33 42
33 72
34 6
34 81
35 1
35 7
35 47
35 65
35 82
36 44
36 77
38 19
38 24
38 33
38 57
38 70
38 72
38 79
39 13
39 36
39 78
40 34
40 66
40 72
41 33
41 52
42 8
42 52
42 68
43 23
43 37
43 39
43 55
43 68
44 38
45 47
46 11
46 50
46 59
47 1
47 48
48 26
49 12
50 15
50 36
50 73
52 2
53 14
53 65
53 80
54 3
54 58
54 81
55 24
55 57
56 6
56 7
56 9
56 42
56 44
56 56
56 63
57 14
57 60
58 24
58 62
59 15
60 37
60 43
60 50
60 64
60 70
61 26
61 63
61 74
62 0
62 45
62 72
63 42
63 56
63 69
64 6
64 56
64 76
65 41
65 47
65 75
66 3
66 41
67 13
67 15
67 37
67 69
68 8
69 33
69 48
69 70
70 58
70 73
71 7
71 15
71 45
71 52
72 10
72 28
72 44
72 70
73 17
73 34
73 59
73 73
74 4
74 50
74 60
74 63
74 67
75 11
75 16
75 78
76 78
77 24
78 25
78 63
78 73
79 31
79 40
79 61
79 76
80 6
80 24
80 44
80 45
81 1
82 62
59
2 11
2 19
2 22
4 8
4 12
4 23
5 0
5 2
5 19
5 20
6 6
6 7
6 12
6 22
8 5
9 1
9 2
10 10
10 21
11 12
11 23
12 4
13 28
13 30
14 11
15 3
16 20
17 11
17 22
18 25
18 30
19 4
19 8
19 13
19 16
21 11
22 20
22 28
22 31
23 12
23 16
24 4
24 8
25 1
25 7
26 9
26 19
26 24
27 8
27 9
27 15
29 23
30 2
30 9
30 13
30 28
32 10
32 26
32 27
55
1 25
1 28
2 22
2 30
3 13
3 22
3 26
4 4
4 19
5 27
6 7
9 2
9 3
10 23
11 5
11 12
12 25
13 14
13 30
14 6
15 2
16 13
17 10
17 22
18 3
18 13
19 6
19 18
19 21
19 23
19 28
20 2
20 28
21 0
21 2
21 11
21 15
22 5
23 27
24 16
24 27
24 29
25 3
25 5
25 14
26 6
26 12
26 18
26 22
27 2
27 23
28 16
29 5
30 8
30 27
249
0 0
0 2
0 38
0 39
0 42
0 44
0 56
0 60
1 28
1 67
2 35
2 39
2 84
3 31
3 48
3 64
4 19
4 23
4 39
4 69
4 83
5 16
6 6
7 38
7 47
7 64
7 71
8 23
8 63
9 23
9 24
10 3
10 67
10 88
11 21
11 27
11 54
11 61
11 83
12 60
12 70
13 42
13 83
14 10
14 85
15 75
16 17
16 50
16 83
16 86
17 9
17 45
17 75
20 74
21 11
21 59
21 75
22 15
22 47
22 64
23 24
23 27
23 52
24 3
24 16
24 59
24 63
25 59
26 32
27 13
27 28
27 77
28 9
28 17
28 86
29 1
29 12
30 18
30 30
30 57
31 3
31 21
31 31
31 56
31 65
32 18
32 34
32 38
32 69
32 73
33 44
33 58
33 77
33 89
34 15
34 27
34 33
34 47
35 1
35 39
35 61
36 16
36 75
37 6
37 15
38 77
39 69
40 58
40 61
41 6
42 5
42 35
42 42
42 56
42 58
43 45
44 89
45 38
45 47
46 4
46 8
47 24
47 27
48 23
48 26
49 3
49 6
49 18
49 36
49 74
50 3
51 21
51 70
51 80
51 82
52 3
52 49
53 83
54 22
54 26
54 38
54 64
54 84
54 87
56 20
56 47
56 86
58 24
58 78
59 8
59 22
59 39
61 2
61 19
61 56
61 77
62 62
62 71
62 90
63 3
63 8
63 10
63 43
63 47
64 35
64 37
64 76
64 86
64 91
65 22
65 54
65 56
65 57
65 84
66 6
68 24
68 26
68 56
68 68
68 80
68 81
69 22
69 25
70 14
70 45
70 58
70 70
71 61
71 63
73 38
73 88
73 91
74 76
75 25
75 29
75 50
75 56
76 36
76 48
76 58
76 61
77 3
77 18
77 29
77 31
77 37
77 60
77 85
78 32
78 52
78 56
78 67
79 14
79 23
79 35
79 59
80 5
80 32
80 55
80 81
81 10
81 17
81 36
81 80
82 91
83 18
84 22
84 48
84 61
85 7
85 33
85 36
85 60
85 65
85 90
86 12
86 40
87 9
87 72
88 7
88 39
89 2
89 16
89 35
90 8
90 48
90 66
90 70
91 71
79
0 16
0 19
2 13
2 41
4 6
4 13
5 4
5 28
5 35
6 12
7 9
8 4
8 18
8 29
9 37
10 23
10 37
11 7
11 28
12 7
12 22
12 33
14 27
15 6
15 21
15 22
16 16
17 19
17 24
18 36
19 13
19 20
19 23
19 24
19 31
21 19
21 21
22 6
22 20
23 5
23 22
24 23
25 5
25 25
25 35
26 12
26 39
29 1
29 2
29 20
29 37
30 13
30 26
30 32
31 37
32 6
32 23
32 30
32 32
32 39
33 25
33 34
33 35
34 1
34 12
36 2
36 7
37 17
37 24
38 22
38 24
38 26
38 27
39 33
40 3
40 25
40 34
41 17
41 31
171
0 28
1 0
2 24
2 40
3 55
3 56
3 63
4 40
4 56
5 2
5 40
5 45
6 20
6 36
6 38
6 51
7 55
8 10
8 29
8 50
8 61
8 62
8 63
9 9
9 30
9 32
9 53
9 60
9 62
10 33
10 40
11 21
11 57
13 5
13 24
13 33
13 47
13 65
14 10
14 17
14 39
14 63
15 9
15 39
15 66
15 67
16 4
16 39
17 26
17 27
18 7
18 49
19 10
19 33
19 50
19 57
20 13
20 40
20 41
21 51
21 52
23 37
23 44
23 66
24 32
24 41
25 57
26 16
26 24
26 44
26 45
26 57
26 67
27 61
28 0
28 6
28 14
28 22
28 40
28 62
31 20
31 34
31 58
32 36
32 66
33 11
33 23
33 67
34 7
34 34
34 60
34 65
35 8
35 34
35 37
36 10
37 52
38 12
38 25
38 39
39 38
40 9
40 28
40 30
40 37
40 63
40 66
41 10
41 38
42 9
42 37
42 45
42 46
43 19
44 32
45 14
45 40
45 44
45 46
46 36
46 55
47 22
47 60
48 29
48 38
49 37
50 41
50 47
50 55
51 18
51 22
52 3
52 4
52 9
52 12
52 35
53 0
53 46
53 65
54 46
54 59
55 11
55 23
55 67
56 1
56 54
57 17
57 35
58 29
58 33
58 37
58 48
59 35
59 47
60 26
60 50
61 64
62 53
63 4
63 53
63 61
64 32
65 10
65 11
65 12
65 46
66 5
66 17
66 30
66 38
67 56
251
0 33
0 38
1 12
1 31
1 36
1 44
1 45
1 58
2 8
3 28
3 39
3 58
3 67
4 42
4 55
4 57
4 68
5 6
5 19
5 34
5 45
5 48
5 50
5 56
6 0
6 2
6 21
6 39
6 42
6 67
7 3
7 4
7 11
7 12
7 51
7 54
7 60
8 16
9 23
9 33
9 56
10 28
10 52
11 51
12 13
12 22
12 40
12 55
13 7
13 55
14 8
14 32
14 44
14 47
14 60
15 6
15 9
15 27
15 39
15 53
15 62
15 65
16 1
16 26
16 38
16 49
16 50
16 53
17 19
17 32
17 48
18 14
19 1
19 15
19 64
21 6
21 31
21 47
21 54
21 62
21 66
22 34
22 36
23 17
23 18
23 38
23 50
24 29
26 2
26 35
26 62
26 69
27 31
27 46
27 61
28 9
28 12
28 35
28 44
28 56
29 14
29 24
29 34
29 35
29 39
29 44
29 66
30 40
30 43
30 64
30 66
31 0
31 30
31 47
31 60
31 65
32 6
32 10
32 27
32 32
32 45
32 59
34 7
35 5
35 21
35 51
35 58
35 67
36 2
36 3
36 15
36 29
36 39
36 47
37 12
37 13
37 20
37 53
38 0
38 15
38 34
38 43
38 51
39 8
39 22
39 29
39 37
39 39
39 45
39 54
40 30
40 44
40 45
41 30
41 65
42 14
42 37
42 61
42 69
43 1
43 5
43 45
43 61
43 69
44 5
44 15
44 32
44 41
44 48
44 51
44 67
45 1
45 32
45 54
45 64
46 3
46 20
46 37
46 67
47 41
47 68
48 34
49 4
49 30
49 47
49 53
49 69
50 7
50 12
50 30
50 37
50 64
50 69
51 1
52 7
52 9
52 26
53 2
53 6
53 33
53 39
54 4
54 18
54 57
55 37
55 48
56 17
56 57
57 37
57 67
58 9
58 24
58 29
58 33
58 40
58 58
58 63
59 22
59 27
59 35
59 68
60 35
60 61
61 40
61 45
61 57
61 61
61 69
62 45
62 68
63 30
64 23
64 40
65 12
65 16
65 35
66 32
66 49
66 52
66 55
67 41
67 62
67 66
68 25
68 34
68 48
68 56
69 14
69 24
69 41
69 48
219
0 62
1 1
1 6
1 31
2 6
2 11
2 23
2 71
2 86
2 88
3 5
3 69
4 25
4 27
4 34
4 53
4 87
5 90
6 36
6 73
8 7
8 83
9 79
10 60
10 86
11 23
11 27
11 55
12 9
12 31
12 41
12 60
13 58
13 75
13 87
15 34
15 43
15 48
15 49
15 79
16 51
16 52
16 56
17 2
17 10
17 17
17 26
17 38
18 33
18 72
19 29
19 66
19 88
20 18
20 25
20 63
20 79
21 38
21 44
21 79
22 3
22 39
22 62
23 24
23 25
23 81
23 87
24 37
24 71
24 79
25 39
25 49
25 86
26 37
26 41
26 54
27 21
27 61
27 71
28 3
28 11
28 23
28 33
28 43
28 48
29 11
30 9
30 61
30 80
30 91
31 13
32 22
32 48
33 20
33 84
34 17
34 24
35 10
35 14
35 33
36 37
36 69
37 8
37 42
37 50
38 7
38 66
39 11
39 25
39 76
39 87
40 18
40 26
40 40
40 45
41 2
41 23
41 32
41 67
42 2
43 17
43 39
43 65
44 21
45 19
45 47
46 8
46 91
47 48
47 51
47 59
48 38
48 62
49 45
49 68
49 79
50 60
52 79
53 18
54 26
54 40
54 78
54 88
56 17
56 21
56 38
56 44
56 56
57 44
57 71
57 91
58 57
59 5
60 10
60 38
60 65
60 89
61 23
61 60
61 62
61 64
61 65
61 72
62 23
63 41
64 46
64 70
65 37
65 40
65 47
65 61
65 66
66 25
66 75
67 23
67 24
67 43
67 72
68 56
70 44
71 49
71 74
72 8
73 13
73 21
73 27
73 79
75 21
75 29
76 18
77 11
78 47
79 72
79 81
80 17
80 33
80 53
81 32
82 0
83 17
83 59
83 61
84 58
84 78
85 2
85 7
86 25
86 41
86 73
87 17
87 61
88 4
88 37
89 1
89 52
90 26
90 31
90 34
91 13
52
0 19
0 20
1 6
1 21
1 34
2 31
3 27
4 12
4 22
5 20
5 26
7 3
7 27
8 10
8 11
9 32
10 17
10 26
11 2
12 1
12 2
12 5
13 3
13 13
14 29
16 10
17 21
17 25
18 2
19 10
19 13
20 19
20 28
21 15
22 26
23 7
23 8
23 34
25 22
25 23
27 6
27 14
27 24
28 25
30 26
31 10
32 14
32 16
33 0
33 21
33 22
34 10
20
1 5
1 12
1 14
2 8
3 0
3 4
5 8
5 13
6 9
9 0
9 7
9 12
10 13
11 8
11 10
13 12
14 11
15 5
15 6
15 14
144
1 32
1 40
1 42
1 44
1 46
1 65
2 5
2 66
3 1
3 22
3 27
4 31
6 9
7 8
7 17
7 33
8 8
8 20
8 32
9 19
9 60
10 4
10 63
11 32
11 40
11 42
11 44
12 3
12 59
12 60
13 11
13 31
14 48
14 65
15 35
15 55
16 11
16 20
16 56
17 54
18 9
19 3
19 34
21 62
21 66
22 1
22 39
23 55
23 61
24 38
24 50
25 5
25 64
26 13
26 60
27 7
27 28
28 5
28 38
28 62
30 9
30 47
33 24
33 42
33 54
33 61
34 2
34 29
34 52
34 62
35 18
35 29
37 17
37 49
38 16
38 22
38 41
38 58
39 14
39 19
39 63
39 64
40 0
41 2
41 50
41 52
41 55
42 31
43 50
44 55
44 63
45 6
45 22
45 25
45 27
46 2
46 17
46 54
47 33
47 49
47 58
49 31
49 37
49 42
50 3
50 8
50 53
51 0
51 10
52 2
52 6
52 10
52 45
52 55
52 62
52 66
54 28
54 36
55 11
55 42
56 6
56 9
56 18
56 47
57 40
58 62
59 42
59 63
61 7
61 14
61 41
62 5
62 10
62 36
62 39
62 43
62 51
63 14
63 65
64 23
65 54
65 60
66 7
66 54
204
0 5
0 21
0 25
0 37
0 39
1 46
1 54
2 6
2 40
2 48
3 20
3 28
3 34
3 37
3 52
3 56
4 11
4 20
5 32
5 39
5 50
5 55
6 12
6 46
6 61
7 13
7 42
7 43
8 23
8 46
9 11
9 17
9 19
10 31
10 32
10 35
10 57
11 21
11 42
11 48
12 11
12 18
12 46
13 0
13 4
13 39
13 59
13 61
14 48
14 49
15 18
16 30
17 33
17 48
18 5
18 15
18 23
18 41
20 7
20 33
20 37
20 51
21 15
22 2
22 14
22 53
22 54
22 57
23 7
23 15
24 29
24 36
24 45
24 46
24 60
25 5
25 37
25 40
25 49
26 5
26 36
26 39
26 54
26 57
27 10
27 16
27 19
27 57
28 42
28 43
29 30
29 38
29 40
29 53
30 0
30 43
30 47
30 61
32 51
33 51
33 56
33 58
33 59
34 37
34 50
35 2
35 43
35 57
36 4
36 9
36 11
36 41
36 61
37 2
37 26
38 2
38 11
38 15
38 17
38 36
39 0
39 10
39 12
39 16
39 44
39 50
40 1
40 15
40 44
40 61
42 16
42 20
42 21
42 28
42 49
43 5
43 29
43 33
44 28
44 38
44 40
45 0
45 43
45 51
45 58
45 61
46 12
46 15
46 20
46 21
47 35
47 46
47 53
48 8
48 21
48 23
48 29
49 2
49 6
50 5
50 9
50 33
50 44
50 46
50 61
51 18
52 12
52 17
52 25
52 50
52 55
53 10
53 22
53 34
53 45
54 6
54 33
54 46
54 50
55 8
55 17
55 18
55 35
56 11
56 34
56 61
57 13
57 23
57 44
58 0
58 7
58 19
58 48
59 8
59 37
59 49
60 15
60 16
60 27
60 35
60 37
60 45
60 56
61 44
160
1 41
2 4
3 3
3 37
3 60
4 80
5 65
6 0
7 55
8 27
8 51
9 20
9 54
9 59
9 81
10 0
10 21
10 47
10 56
10 64
10 76
12 8
12 37
12 70
12 77
13 33
13 63
14 12
15 49
15 56
16 1
16 62
16 79
17 15
17 40
17 52
18 7
19 18
19 71
20 40
20 54
20 65
20 79
22 29
22 41
22 44
22 51
22 75
23 51
23 65
23 76
25 28
25 41
25 77
27 27
27 69
28 67
29 10
29 39
29 54
29 82
30 19
30 24
31 37
32 42
33 36
33 52
35 2
35 46
35 47
35 77
35 78
35 82
36 36
36 76
37 28
38 0
38 19
38 49
39 44
39 56
39 61
40 76
41 10
41 77
42 24
42 63
42 73
43 16
43 32
43 70
44 25
44 66
44 79
45 25
46 25
46 51
47 3
47 24
48 21
48 39
48 71
49 15
49 23
49 42
50 24
50 72
50 77
51 5
51 22
51 75
52 36
52 60
53 18
53 77
54 13
54 49
54 75
55 23
55 46
56 18
57 3
58 70
59 39
60 26
60 30
61 6
62 21
62 46
63 11
63 24
63 79
65 8
65 43
68 17
69 69
70 28
70 31
71 54
71 60
71 63
71 75
72 2
72 26
72 62
72 71
73 32
73 34
73 73
74 15
75 47
76 22
76 37
76 65
77 50
78 6
79 79
80 64
81 81
82 42
169
0 32
0 68
0 69
1 17
1 22
2 3
2 9
2 15
3 34
3 39
3 62
4 6
4 12
5 16
6 24
6 66
8 5
8 25
9 26
9 38
9 53
10 12
10 25
10 26
10 27
11 14
11 25
12 19
13 52
13 58
14 0
14 15
14 55
15 8
15 53
16 0
16 41
16 61
17 1
17 9
17 12
18 13
18 51
18 55
18 62
18 64
19 58
20 23
20 44
20 57
20 59
21 32
21 59
22 5
22 51
22 52
23 56
24 54
24 58
25 50
25 62
26 21
26 30
26 56
27 47
28 3
28 11
28 61
29 40
29 53
30 34
30 45
31 19
32 41
32 57
33 25
33 58
33 62
33 63
34 1
34 57
35 25
35 43
35 48
36 7
36 37
36 49
37 18
37 35
37 48
38 21
38 51
38 59
39 36
40 16
40 31
41 37
41 61
42 23
42 52
42 56
43 69
44 1
44 12
44 30
45 5
45 31
46 6
46 10
47 12
47 48
48 1
49 14
49 28
50 4
50 57
51 1
51 45
51 50
52 1
52 19
52 26
53 24
53 46
53 54
54 32
54 55
54 57
56 3
56 9
56 52
56 64
57 17
57 26
57 36
57 57
57 58
58 0
58 16
58 34
59 25
59 55
59 69
60 56
61 10
61 18
61 46
61 58
62 27
64 34
65 0
65 7
65 41
65 45
66 5
66 32
67 0
67 36
67 51
67 56
67 68
68 32
68 61
69 11
69 37
69 62
70 1
70 48
70 49
159
0 7
0 34
1 17
1 30
1 39
2 26
5 8
5 14
5 32
6 5
6 10
6 21
6 23
6 38
6 44
6 45
7 14
8 2
8 5
8 26
8 30
8 37
9 4
9 7
9 11
9 30
9 31
10 0
10 11
10 17
10 20
10 32
10 33
10 38
11 12
11 37
12 2
12 18
12 19
12 22
12 26
12 33
12 37
13 47
14 7
14 9
14 18
14 48
15 8
15 9
15 41
15 44
16 1
16 2
16 25
16 27
17 6
17 14
17 24
17 40
17 47
18 0
18 10
18 17
18 44
19 8
19 24
19 25
19 31
20 0
20 16
20 26
20 30
20 39
21 8
22 10
22 22
22 23
23 9
23 10
23 18
23 28
24 5
24 33
25 6
25 20
25 34
25 39
26 12
26 18
26 21
26 39
26 40
27 24
27 27
27 30
27 45
28 3
28 29
29 21
31 21
32 6
32 15
32 16
32 20
32 22
33 3
33 36
34 11
34 24
34 26
34 40
34 43
35 16
35 23
35 27
36 21
36 29
36 34
37 24
37 37
37 48
38 10
38 17
38 29
39 3
39 13
39 16
40 1
40 27
40 37
41 14
41 23
41 24
42 12
43 17
43 19
43 35
43 43
43 47
44 11
44 12
44 14
44 48
45 46
46 6
46 13
46 20
46 22
46 46
47 0
47 19
47 23
47 38
47 44
48 18
48 23
48 28
48 38
34
0 5
1 6
3 1
3 2
3 15
3 16
4 18
5 1
7 5
7 11
8 10
8 21
11 3
11 13
11 14
12 9
12 17
13 11
14 20
14 21
16 1
16 18
17 1
18 9
18 11
18 18
18 21
19 0
19 9
19 11
19 19
19 21
21 1
21 13
43
0 6
0 15
1 7
1 9
1 11
2 8
3 3
3 20
4 1
4 3
5 3
5 11
5 13
5 18
5 21
6 1
6 4
8 11
8 20
9 12
9 14
11 10
12 9
12 14
13 8
13 9
13 12
13 13
13 21
15 1
15 8
15 9
16 15
17 6
17 10
18 10
18 13
18 20
19 14
20 14
20 15
21 5
21 9
202
0 15
0 60
0 65
1 36
1 56
2 17
2 24
2 82
2 83
3 15
3 17
3 29
3 79
4 61
5 12
5 29
5 78
6 6
6 21
7 9
7 22
7 27
7 32
7 45
7 62
8 75
9 30
11 43
11 49
12 18
12 26
12 32
12 58
12 64
13 61
14 85
15 36
16 17
16 39
16 53
16 56
16 80
17 81
18 13
18 24
18 48
19 7
19 42
20 51
20 71
20 78
21 10
21 51
21 67
21 80
22 31
22 39
22 65
22 68
23 3
23 9
23 45
24 44
25 14
25 47
25 85
26 24
26 42
26 75
27 10
27 42
28 7
28 41
28 72
29 26
29 53
30 24
30 49
30 69
31 4
31 5
31 22
31 70
32 25
32 71
32 85
33 9
33 17
34 55
35 23
36 25
37 84
38 25
38 34
39 84
41 74
42 79
43 56
44 37
44 79
45 27
45 33
45 89
46 16
46 26
46 40
46 84
47 2
47 24
47 65
47 83
47 84
47 86
48 13
48 22
48 62
49 18
49 43
50 12
50 18
50 51
50 54
50 89
51 10
51 35
52 63
52 79
53 83
54 25
55 18
56 9
56 70
57 3
57 6
57 47
58 37
58 48
59 47
60 2
60 25
60 65
60 85
61 53
61 62
62 5
63 42
64 12
64 16
64 25
64 30
64 87
65 5
65 67
66 50
67 44
68 19
68 30
70 28
70 40
72 3
72 25
72 38
72 58
73 73
73 83
74 6
74 21
75 7
75 14
76 10
76 60
76 74
77 23
77 35
78 23
79 26
79 49
79 52
80 30
80 50
81 11
82 13
82 61
82 66
82 83
83 28
83 44
84 70
85 39
85 41
85 42
85 85
87 7
87 29
87 32
87 59
88 37
88 50
89 21
89 47
89 86
90 10
8
2 1
2 2
2 4
3 0
3 4
4 6
5 4
5 5
387
0 6
0 32
0 69
1 17
1 45
1 85
2 6
2 8
2 17
2 30
2 53
3 6
3 13
3 20
3 22
3 32
3 63
4 3
4 6
4 7
4 44
4 56
4 88
5 5
5 20
5 21
5 23
5 71
5 73
7 18
7 24
7 30
7 59
7 65
7 83
8 2
8 21
8 68
8 88
9 5
9 8
9 21
9 27
10 1
10 11
10 43
10 71
11 10
11 26
11 56
11 88
11 89
12 19
12 37
12 87
13 24
13 36
13 55
14 8
14 36
14 42
14 61
14 82
15 85
15 91
16 2
16 21
16 33
16 37
16 38
16 44
16 54
16 61
16 67
16 69
16 74
16 75
17 8
17 58
17 74
17 79
17 82
18 2
18 38
18 40
18 49
18 52
18 60
19 14
19 18
19 22
19 67
20 70
21 49
22 3
22 9
22 32
22 49
22 65
23 37
23 44
23 56
23 83
24 17
24 22
24 68
25 6
25 17
25 24
25 67
25 78
25 90
26 63
26 64
26 68
27 11
27 30
27 40
27 46
27 54
27 76
27 81
28 36
28 56
28 72
29 16
29 36
29 37
29 52
29 59
29 85
30 28
30 68
30 77
30 87
31 24
31 61
32 14
32 23
32 27
32 72
33 13
33 43
33 52
33 53
33 69
34 79
35 9
35 46
35 84
36 75
37 13
37 65
37 79
38 14
38 53
38 60
38 61
39 2
39 26
39 28
39 31
40 19
40 60
41 13
41 29
41 44
42 4
42 20
42 31
42 48
42 57
42 58
42 65
42 82
43 12
43 21
43 45
43 69
44 67
45 15
45 41
45 52
45 63
46 65
46 78
46 83
47 5
47 25
47 27
47 65
47 84
48 13
48 22
48 24
48 35
48 41
49 3
49 5
49 14
49 15
49 19
49 56
50 23
50 25
50 35
50 89
50 90
51 18
51 41
52 0
52 41
52 51
52 72
53 15
53 36
53 61
53 66
54 47
54 78
54 88
55 1
55 9
55 20
55 54
55 67
55 91
56 21
56 32
56 40
56 50
56 51
56 70
57 5
57 66
58 33
58 43
59 1
59 9
59 87
60 2
60 8
60 11
60 28
60 29
60 51
60 67
60 90
61 17
61 32
61 35
61 51
61 53
61 72
62 10
62 62
63 0
63 20
63 32
63 59
63 73
63 84
63 85
64 75
64 77
64 89
65 9
65 24
65 40
65 47
65 59
65 78
66 42
66 43
66 53
66 57
66 64
66 81
66 82
66 87
67 4
67 29
67 69
68 13
68 72
68 83
69 18
69 45
69 49
69 61
69 64
69 74
69 89
70 54
70 58
71 36
71 78
72 1
72 4
72 6
72 25
72 37
72 70
72 85
73 0
73 17
73 26
73 49
73 57
73 78
73 85
73 87
73 90
74 42
74 86
75 8
75 47
75 53
75 79
76 3
76 24
76 60
76 65
76 76
77 10
77 40
77 70
77 82
77 84
78 16
78 28
78 78
78 91
79 0
80 10
80 54
80 55
80 59
80 65
81 34
81 61
81 88
82 21
82 41
82 43
82 80
82 82
83 16
83 40
83 52
83 66
83 72
84 41
84 43
84 78
85 36
85 75
85 88
86 24
86 29
86 35
86 39
86 57
86 61
86 77
86 82
87 5
87 6
87 10
87 25
87 31
87 33
88 64
88 81
89 10
89 12
89 17
89 32
89 58
90 24
90 30
90 46
90 87
91 23
91 52
91 72
91 89
48
0 24
1 11
1 13
1 32
2 27
4 4
5 8
5 18
5 24
6 3
11 0
11 28
11 29
13 10
14 4
14 15
16 39
17 14
17 31
17 39
18 12
19 31
20 14
20 16
21 16
22 6
23 10
24 35
24 36
26 23
27 21
27 34
28 1
28 7
28 13
29 1
29 25
29 37
32 11
33 2
33 16
34 9
36 7
36 18
37 22
37 30
38 39
39 6
81
1 24
2 18
2 27
3 6
3 27
4 4
4 7
4 14
5 6
5 18
6 3
6 26
7 12
7 26
7 36
7 43
8 9
10 1
10 14
11 15
12 7
12 21
12 28
12 32
13 1
14 44
15 14
16 21
16 37
16 45
17 35
18 23
18 24
18 32
18 37
19 18
19 27
20 33
21 2
22 13
23 4
23 19
24 11
24 34
25 28
26 17
26 39
27 40
29 38
30 26
30 36
31 42
32 4
32 9
32 45
33 3
33 34
33 39
34 13
34 40
35 4
35 6
35 16
35 37
35 43
36 20
37 4
37 18
39 37
40 5
40 6
40 21
41 5
41 15
41 21
41 38
42 29
43 10
43 12
45 0
45 14
163
0 31
1 26
1 44
2 2
2 50
3 18
4 13
4 37
5 18
5 45
6 15
7 0
7 13
7 15
7 51
8 12
8 53
9 6
9 52
10 13
10 31
10 39
11 15
11 40
11 41
11 55
11 56
11 57
12 35
12 50
13 32
13 45
13 52
14 14
14 22
14 44
15 22
15 34
15 36
16 9
16 47
17 6
17 14
17 21
17 43
17 59
18 19
19 31
19 35
20 24
21 19
22 1
22 23
22 37
22 58
23 4
23 5
23 13
23 22
23 27
23 31
23 47
23 57
24 9
24 45
25 48
27 1
27 6
27 45
29 4
29 30
29 41
29 45
29 49
30 10
31 27
31 44
31 46
31 47
32 11
33 47
33 50
34 13
34 15
34 20
34 56
34 60
35 5
35 37
35 41
36 42
37 7
37 8
37 9
37 14
37 26
37 46
37 48
38 3
38 36
38 37
38 46
41 5
42 10
42 21
43 13
43 32
43 33
43 40
43 44
44 1
44 5
44 16
44 18
44 28
44 53
45 23
45 32
46 40
46 47
47 1
47 8
47 32
47 34
47 44
48 2
48 9
48 15
48 43
49 36
51 3
51 9
51 32
51 50
52 14
52 22
53 24
54 4
54 9
54 55
54 56
55 15
55 18
55 21
55 35
55 57
56 32
56 34
56 41
57 11
57 19
57 28
57 57
58 24
58 34
59 46
60 5
60 7
60 13
60 16
60 37
60 49
60 60
169
0 52
1 7
1 16
1 27
1 38
1 61
3 2
3 9
3 23
3 46
3 55
3 56
3 61
3 68
4 14
4 69
5 12
5 65
6 65
7 18
8 31
8 59
9 3
9 24
9 28
9 71
10 32
10 67
11 21
12 60
14 3
14 19
14 49
15 25
17 19
17 23
18 45
18 67
19 20
19 61
20 0
20 5
21 6
22 2
22 10
22 64
23 21
23 24
24 35
25 24
26 24
26 56
26 77
27 5
27 13
27 19
29 9
30 8
30 59
30 69
31 27
31 29
31 34
31 44
31 54
32 23
32 46
32 63
33 10
33 49
34 1
34 26
34 49
35 17
35 41
35 50
35 53
35 65
35 77
36 15
36 25
36 33
36 43
36 59
37 1
37 14
37 25
37 36
38 6
38 73
39 19
39 38
40 10
41 30
41 43
41 48
41 75
43 35
43 37
43 39
43 52
44 19
44 29
45 4
45 47
46 52
46 69
47 11
47 15
47 18
47 38
47 61
48 64
48 70
50 42
50 70
51 7
52 21
54 26
54 29
54 71
55 21
55 27
56 10
56 24
56 31
56 76
57 16
57 20
58 47
58 64
58 69
59 19
60 3
60 24
60 32
60 44
60 58
61 45
62 64
63 19
63 30
66 36
66 49
68 54
69 42
69 52
70 1
70 10
71 16
71 18
71 45
71 59
71 68
72 17
72 27
72 36
72 53
73 3
73 30
73 31
73 36
73 39
74 76
75 1
75 5
76 41
76 57
77 70
186
0 7
1 20
2 48
3 59
5 10
5 21
5 43
6 4
6 64
6 79
7 14
7 15
7 58
7 70
8 59
9 63
9 81
10 38
10 48
12 4
12 19
12 35
12 45
13 9
13 13
13 79
14 40
14 77
15 13
17 34
17 61
18 24
18 60
19 25
19 55
19 64
20 6
20 19
20 22
21 70
21 75
23 1
23 23
23 58
24 11
24 59
24 74
25 33
25 65
26 52
27 49
27 54
28 35
28 60
29 44
29 70
30 19
30 42
30 71
31 16
31 38
31 39
31 53
31 62
32 13
33 22
33 48
33 62
35 50
36 5
36 12
36 16
36 17
36 78
37 0
37 2
37 28
39 6
40 47
40 56
40 80
41 8
41 32
41 38
41 75
42 52
42 57
42 68
42 70
43 14
43 21
43 42
43 79
44 44
44 54
46 45
47 2
47 43
48 25
48 39
49 3
49 23
49 43
49 48
49 75
49 78
50 36
50 78
51 22
52 35
52 38
52 46
52 65
52 66
53 35
53 57
54 44
54 79
55 15
57 22
57 25
57 63
57 69
58 50
58 51
59 40
59 48
59 76
60 7
60 12
60 25
60 53
60 73
60 74
61 66
61 74
62 60
62 80
63 76
64 63
65 27
67 14
67 29
67 65
67 73
67 74
68 2
68 10
68 24
68 26
68 31
68 37
68 56
68 68
69 1
69 25
69 37
69 49
69 51
69 66
70 4
70 35
70 36
70 63
70 67
72 24
72 43
72 44
73 35
73 37
74 23
74 25
74 29
75 53
76 37
76 38
76 40
76 56
76 75
77 74
79 14
79 62
79 64
80 61
81 8
81 30
76
0 17
1 14
1 17
2 7
2 25
2 36
3 8
3 17
3 25
4 8
5 2
5 21
8 26
8 32
8 33
9 12
9 13
10 7
10 19
10 23
11 7
12 27
13 3
14 2
14 6
15 3
15 9
15 13
15 24
15 28
17 30
17 32
17 36
18 2
18 9
20 0
20 8
21 0
21 23
21 29
22 2
24 23
24 24
25 24
25 29
25 33
26 1
26 2
26 5
26 17
27 0
27 8
27 31
27 32
28 5
30 16
31 5
31 10
31 12
31 23
32 1
33 17
33 36
34 3
34 26
34 31
34 32
35 10
36 0
36 4
36 24
36 28
36 29
37 23
38 35
39 5
148
0 5
0 39
0 44
0 62
1 5
1 19
1 62
2 5
3 6
3 25
3 40
3 47
4 6
6 24
6 30
7 7
7 46
7 56
8 6
8 20
8 38
8 47
9 22
9 53
10 4
10 12
10 25
11 31
11 58
12 13
12 35
12 55
13 22
13 35
13 59
14 3
14 40
14 43
14 51
14 53
14 62
15 40
15 62
16 9
16 10
16 19
16 39
17 9
17 17
17 58
19 18
19 34
19 37
19 62
20 4
20 42
20 52
20 59
21 53
21 56
21 59
22 42
23 23
24 6
24 33
24 56
25 54
26 11
26 16
26 32
26 53
26 57
28 3
28 15
28 29
30 10
30 59
31 28
31 30
32 7
33 3
33 15
33 37
34 15
34 19
34 55
35 8
35 31
35 40
35 46
36 16
36 36
36 46
37 36
37 45
37 53
38 61
39 39
39 45
40 43
40 61
41 52
42 10
42 34
42 41
42 45
42 58
43 7
43 8
43 29
44 11
45 13
45 15
45 18
47 6
47 30
47 41
47 60
48 23
48 38
48 47
49 14
50 1
50 10
50 11
51 30
52 16
52 23
52 37
53 4
53 20
53 31
54 27
56 26
57 8
57 37
58 29
58 48
60 0
60 44
60 53
60 62
61 35
61 55
61 61
62 9
62 63
63 53
108
1 43
2 2
2 5
2 16
3 7
3 9
3 14
3 17
3 26
4 1
4 15
4 23
5 7
5 9
5 22
5 25
5 38
6 5
6 26
6 28
7 7
7 29
8 2
8 9
9 4
9 43
10 43
11 15
12 7
12 17
14 19
14 34
14 39
15 27
16 20
16 43
17 20
18 8
19 3
19 17
19 33
20 0
20 3
20 7
20 43
21 45
23 12
23 13
23 23
23 28
23 29
23 43
23 44
24 2
24 3
24 23
24 29
24 42
25 7
25 16
25 36
25 39
25 40
27 20
27 25
27 26
27 38
28 32
29 42
30 21
30 43
31 20
31 36
32 30
32 39
32 41
33 38
34 3
34 13
34 31
35 2
35 4
35 15
35 16
35 24
36 4
36 12
37 1
37 21
37 39
38 30
39 0
39 4
39 42
39 44
40 27
40 29
40 30
41 2
41 5
42 27
42 35
42 40
42 45
43 6
44 0
44 45
45 22
12
0 3
1 3
1 6
2 2
3 0
4 1
4 2
4 3
5 0
5 3
5 6
6 6
45
0 0
0 13
0 17
0 23
1 2
1 21
1 22
2 0
2 7
2 22
3 3
3 8
3 21
5 0
5 6
5 9
5 18
9 21
10 9
11 7
11 11
11 17
11 18
12 5
12 7
13 1
13 9
14 7
15 1
16 14
16 15
16 18
17 0
17 22
18 5
18 13
18 19
19 4
19 15
20 23
21 14
22 18
23 5
23 13
23 18
193
1 59
1 82
2 4
2 92
3 0
3 34
3 88
4 16
4 76
5 25
7 44
7 73
7 74
7 84
8 14
8 67
8 81
9 29
10 63
10 89
11 52
11 58
12 8
12 24
12 40
12 90
13 38
13 83
14 31
14 46
14 71
14 88
15 2
15 27
15 62
15 77
17 27
17 65
18 53
19 22
19 37
20 27
20 64
21 14
21 49
21 62
21 89
22 1
22 3
22 10
22 11
22 20
22 36
22 67
22 87
23 3
23 9
23 39
23 76
23 92
24 4
25 0
25 12
25 43
25 65
25 85
26 79
27 6
28 18
28 73
28 77
29 47
29 64
29 87
30 83
31 44
32 40
33 19
33 32
33 69
34 50
34 54
35 10
35 24
35 33
35 53
36 29
36 41
36 58
37 20
37 87
38 40
39 8
40 5
40 53
40 55
40 68
40 83
43 7
43 13
43 76
44 61
45 63
45 76
45 91
46 70
47 1
47 8
47 42
48 17
48 24
48 60
49 75
50 19
50 58
51 3
51 8
51 19
53 21
53 63
53 83
54 0
54 87
55 68
56 34
57 7
57 78
58 51
58 78
58 80
58 81
58 92
59 43
59 58
60 7
60 55
61 43
61 79
62 17
62 23
62 79
63 57
64 2
64 21
64 75
65 27
65 51
65 57
66 57
66 63
67 40
67 47
68 62
70 54
70 71
70 78
71 17
71 49
71 66
72 5
72 82
74 4
74 5
74 12
75 57
76 32
76 42
76 54
77 64
78 0
78 62
78 88
79 35
79 71
80 30
82 9
83 51
84 56
85 70
86 1
86 11
87 50
88 11
88 53
89 32
89 71
90 4
91 13
91 43
91 50
91 75
91 84
91 91
12
0 4
0 5
1 2
1 4
2 2
3 1
3 5
4 1
4 3
5 4
5 6
6 1
42
1 5
1 19
1 20
2 22
3 6
3 12
4 9
5 8
6 3
6 11
6 12
6 17
7 9
7 22
8 3
10 1
10 10
10 19
10 20
11 1
11 6
11 10
11 12
11 15
12 20
13 0
13 5
13 14
13 18
13 19
14 14
15 14
16 16
17 11
17 12
17 19
19 15
20 11
21 9
21 20
22 12
22 16
186
0 48
0 52
1 50
1 51
1 74
1 81
2 80
3 33
4 51
5 12
5 73
6 52
6 57
6 77
8 40
8 47
9 15
9 83
10 23
10 47
11 29
11 38
11 40
12 16
12 19
12 20
13 0
13 52
13 77
14 59
15 82
16 20
16 62
17 14
17 48
17 52
17 58
18 3
18 7
18 58
18 60
19 14
19 40
19 83
20 8
20 19
20 48
20 70
21 22
22 74
23 61
25 51
26 84
27 2
27 11
27 84
28 28
29 45
29 56
30 21
32 40
32 57
33 29
33 42
33 47
34 30
34 57
35 10
35 46
35 57
36 8
36 34
36 59
37 36
37 69
39 18
39 41
39 47
39 72
39 74
40 16
40 58
40 63
41 5
41 37
41 55
42 31
42 54
42 70
42 72
43 23
44 34
44 55
45 65
45 72
47 38
47 44
47 45
47 68
47 80
48 28
48 46
48 74
49 4
49 15
49 40
49 79
50 29
52 66
53 42
54 1
54 70
56 26
56 36
56 45
56 67
56 76
57 36
57 69
58 5
58 8
58 36
58 37
58 44
58 66
59 19
59 42
59 51
60 12
60 18
60 71
61 17
62 4
62 63
63 17
63 48
64 5
64 67
65 37
65 46
65 78
66 24
67 49
67 57
68 11
69 80
70 6
70 18
71 12
71 14
71 55
71 64
71 72
72 28
72 35
72 68
72 79
73 23
73 31
73 62
74 29
74 66
74 70
75 83
76 0
76 11
76 68
77 23
78 75
78 83
79 49
79 64
79 73
80 48
80 65
81 7
81 9
81 21
81 37
81 45
82 72
83 54
83 61
83 83
84 42
84 83
70
0 20
1 4
1 9
1 11
1 16
2 12
2 13
2 29
3 27
3 29
3 31
4 2
5 5
5 19
6 15
7 24
7 27
8 19
8 20
10 0
10 14
10 18
10 23
11 2
11 11
11 27
12 13
12 22
14 14
14 22
15 0
16 3
16 8
16 18
16 22
17 25
17 31
18 5
18 19
18 24
18 30
19 6
19 8
19 23
20 5
20 11
21 1
21 3
22 30
23 1
23 3
23 10
23 20
23 23
24 8
24 22
26 7
26 12
27 20
27 30
28 15
29 3
29 4
29 16
29 18
30 12
31 14
31 17
31 21
31 27
73
0 13
1 1
1 23
3 18
5 36
8 6
9 33
10 0
10 19
11 1
11 38
12 26
12 44
13 28
14 26
15 6
15 12
15 19
17 50
19 22
20 6
21 15
24 27
25 3
25 12
25 28
25 40
26 0
26 12
27 31
28 2
28 50
29 8
29 46
30 44
31 6
31 22
31 25
32 4
32 20
32 25
32 39
33 23
33 27
33 41
34 33
34 37
34 48
35 36
35 49
36 6
36 21
36 30
36 44
36 48
38 33
38 43
39 33
40 31
40 36
42 29
42 47
43 11
43 32
44 44
45 9
45 16
47 8
47 42
49 34
50 4
50 7
50 39
98
0 0
0 4
0 26
1 17
2 10
3 40
5 18
5 41
6 25
8 5
8 23
9 2
9 50
10 36
12 8
12 43
12 46
13 22
13 28
14 7
14 52
15 22
16 44
17 20
17 35
18 5
18 24
18 33
18 50
18 54
20 2
20 43
20 49
21 8
21 11
21 16
21 17
21 22
21 35
22 3
23 54
24 50
25 9
26 41
26 47
27 41
28 30
28 40
29 16
30 8
31 19
31 32
32 5
33 7
33 27
33 36
33 45
34 52
35 2
36 2
36 20
36 52
37 33
38 0
38 6
38 33
38 49
39 30
41 39
42 0
42 41
43 8
44 34
45 19
46 12
47 31
48 16
48 20
48 39
49 9
49 13
50 42
51 38
51 50
52 27
52 43
52 46
53 46
54 7
54 10
54 21
54 22
54 23
54 36
55 10
56 3
56 12
56 17
128
0 11
0 37
1 8
1 22
1 45
2 35
2 52
2 53
3 12
4 18
4 22
4 27
5 30
6 47
7 14
8 4
9 6
9 13
9 33
9 47
11 27
12 36
12 40
12 43
12 49
13 4
13 14
14 13
15 14
15 44
16 5
16 16
17 20
18 39
19 15
19 34
19 52
21 15
21 18
21 27
22 11
22 13
22 14
22 15
22 19
22 29
22 37
22 50
23 0
23 28
23 29
23 45
24 40
25 21
25 23
27 12
27 30
27 32
27 34
28 0
28 4
28 28
28 48
29 4
29 13
29 18
30 18
30 25
30 30
30 53
32 5
32 20
32 31
32 34
32 44
32 45
33 1
33 10
34 0
34 5
34 9
34 23
34 53
35 26
35 53
36 0
36 5
37 18
38 2
38 26
39 6
39 37
39 45
40 16
40 50
41 19
41 37
41 39
42 8
42 23
43 37
44 9
44 10
44 23
45 9
45 10
45 32
45 39
46 40
46 45
47 23
47 31
48 26
49 39
49 42
50 45
51 0
51 16
51 32
52 9
52 35
52 52
53 10
53 12
53 14
53 22
53 32
53 46
125
0 1
0 6
0 8
0 11
0 24
0 25
0 31
1 4
1 18
1 26
2 18
2 22
3 20
4 1
4 22
4 33
5 0
6 1
6 8
6 17
6 21
7 12
7 15
7 18
7 33
8 12
8 31
8 33
9 11
9 20
9 30
9 32
10 3
10 7
10 15
11 1
11 6
11 30
12 3
12 9
12 13
12 31
13 4
13 27
14 13
15 4
15 9
15 14
15 15
15 20
15 21
16 18
16 26
16 31
17 6
17 23
17 25
18 2
18 30
18 33
19 10
19 12
19 13
19 14
19 19
19 25
20 1
20 2
20 16
20 25
20 33
21 10
21 27
22 3
22 14
22 21
23 1
23 14
23 18
23 26
24 4
24 32
25 2
25 15
25 26
25 29
25 30
26 0
26 2
26 3
26 9
26 10
27 7
27 30
28 11
28 21
28 26
28 29
29 8
29 13
29 34
30 16
30 23
30 33
31 3
31 15
31 23
31 24
31 25
31 30
31 31
32 2
32 6
32 16
32 23
32 31
33 6
33 31
34 10
34 11
34 14
34 15
34 18
34 29
34 33
4
0 0
0 1
0 2
3 2
23
0 2
0 12
2 0
4 0
4 13
5 6
5 12
6 8
6 9
6 13
7 1
7 9
8 3
8 7
9 2
9 8
10 12
11 0
12 3
12 8
13 0
13 3
13 8
10
0 4
1 1
1 7
3 2
4 6
5 2
6 0
6 1
6 4
6 5
184
0 1
0 2
1 12
1 45
2 6
2 34
4 27
4 57
5 1
5 30
5 36
5 45
5 51
6 14
7 27
7 43
7 53
8 9
8 18
8 53
9 4
9 7
9 67
9 74
10 61
11 39
11 73
11 77
12 10
12 69
13 34
13 76
14 51
15 9
15 12
15 26
15 66
16 75
17 72
18 40
18 64
19 52
20 63
20 66
21 26
21 59
21 63
22 3
22 25
22 51
22 78
23 13
23 15
23 34
23 36
23 42
23 63
23 69
23 76
24 68
25 14
25 49
26 46
26 64
27 33
27 42
28 6
29 23
29 68
30 21
30 27
30 58
31 1
31 29
31 39
32 6
32 12
32 61
33 23
33 41
33 69
34 10
34 51
34 57
35 7
35 22
36 17
36 37
36 72
37 20
37 43
37 55
37 65
38 10
38 18
39 4
39 16
39 67
40 69
41 20
42 30
42 41
43 1
43 22
43 24
43 39
43 60
44 67
45 3
45 14
45 63
46 11
47 3
47 67
48 56
48 64
49 44
50 9
50 13
51 38
51 41
52 23
52 25
52 35
52 55
52 61
53 9
53 13
53 58
54 26
55 40
56 8
56 57
56 58
58 37
59 9
59 63
59 70
60 7
60 14
60 32
60 35
61 7
61 65
62 37
62 50
62 54
62 65
63 28
63 76
64 14
65 14
65 44
65 56
65 60
65 77
66 1
66 61
66 68
67 38
67 72
68 48
68 70
69 7
69 34
69 38
70 2
70 78
71 1
71 50
71 56
71 65
71 74
72 12
72 37
73 16
73 36
74 13
75 78
76 37
76 72
78 1
78 38
78 46
110
0 40
1 0
1 17
1 24
1 41
2 5
2 26
2 37
2 43
3 2
3 17
3 38
4 14
4 16
4 31
5 40
6 34
8 22
8 38
8 44
10 12
10 32
10 47
11 25
11 27
11 31
13 48
14 25
14 35
15 19
16 3
16 8
16 36
16 38
17 16
18 10
18 23
18 28
18 41
19 29
20 36
20 48
21 16
22 0
22 47
23 21
24 9
24 23
25 5
25 7
25 15
26 26
26 47
27 34
27 41
27 42
27 48
28 28
29 10
29 19
29 32
29 38
29 41
29 44
30 3
30 25
30 34
30 38
31 21
31 22
31 34
32 19
32 27
32 29
34 6
34 16
34 31
35 3
35 6
35 36
36 9
36 13
36 16
36 44
37 6
37 9
37 23
38 0
40 1
40 8
40 13
40 30
41 16
41 39
42 15
42 18
42 39
43 18
43 33
44 25
45 43
45 48
46 10
46 35
46 42
47 4
47 21
47 43
48 21
48 33
106
1 3
1 26
1 35
2 25
3 22
3 24
3 26
4 7
6 16
7 28
8 12
8 21
8 36
9 21
10 19
10 28
10 42
11 3
11 5
11 9
12 3
13 1
13 27
14 13
14 16
14 20
14 38
15 17
16 3
16 7
16 39
17 1
17 26
19 11
19 14
19 17
19 22
20 18
20 20
20 33
21 30
22 2
22 17
23 0
23 19
23 28
23 30
23 34
24 3
24 42
25 14
25 32
26 24
26 38
28 0
28 5
28 8
28 43
29 4
29 29
30 6
30 18
30 34
30 38
31 35
32 6
32 19
32 22
32 28
32 36
33 40
34 22
34 25
34 43
35 13
35 25
36 19
36 20
36 28
37 24
37 26
38 12
38 28
38 30
39 21
39 23
40 3
40 12
40 13
40 21
41 4
41 9
41 20
41 26
41 38
42 19
42 20
42 22
42 23
43 3
43 14
43 16
43 33
44 8
44 20
44 39
124
0 8
0 11
0 23
0 33
1 31
1 36
2 50
3 51
4 4
4 43
4 58
5 16
5 20
5 58
6 49
7 6
8 23
9 1
9 15
10 33
10 34
11 13
12 23
12 24
12 36
13 3
13 10
13 27
13 48
14 25
14 61
15 41
16 0
16 37
17 10
17 26
17 49
18 31
18 61
19 7
19 31
20 0
21 1
21 36
21 37
21 56
22 34
23 57
24 9
24 19
24 20
24 46
25 6
25 27
25 32
26 18
26 50
27 36
27 57
28 32
29 17
29 46
29 47
29 51
30 17
31 21
31 35
33 5
33 37
34 26
35 61
36 17
36 18
37 30
38 4
38 22
39 3
39 51
40 7
41 0
41 9
41 48
42 1
42 3
42 6
42 17
43 5
44 1
44 50
44 62
45 4
45 9
46 51
46 61
47 27
47 54
47 56
48 5
48 19
48 25
49 5
49 10
49 41
50 28
50 38
50 59
52 1
52 7
52 17
53 37
54 18
55 56
57 43
58 31
58 37
58 59
59 8
59 49
59 52
60 18
60 27
61 0
62 16
62 23
143
0 28
0 39
1 2
2 16
3 16
3 45
3 51
4 7
4 21
4 31
6 1
6 40
6 50
7 0
7 19
7 20
8 23
8 27
8 57
9 8
9 19
9 63
10 39
11 31
11 57
13 2
13 4
13 5
13 60
13 65
14 0
14 45
15 53
16 51
17 25
17 31
18 2
18 32
18 38
18 41
18 52
18 57
19 12
19 38
20 19
21 52
22 18
22 59
23 9
23 10
23 32
23 53
24 14
24 62
25 17
25 20
25 47
25 55
26 35
27 7
27 28
27 42
28 4
28 11
28 14
28 18
28 23
29 3
30 22
30 65
31 10
31 28
31 66
32 60
33 18
34 12
34 41
34 48
35 21
36 10
36 64
37 10
37 18
38 5
38 8
38 45
39 2
39 45
39 56
39 59
40 29
41 3
41 56
41 57
42 0
42 1
42 40
42 44
43 3
43 25
43 53
44 49
45 64
46 34
47 42
48 5
48 6
48 52
49 56
50 29
51 22
51 28
52 18
53 23
53 26
53 55
54 20
54 40
54 52
55 3
56 42
57 47
57 59
57 64
58 13
58 35
58 49
58 59
59 23
59 37
60 5
61 34
61 35
62 46
63 63
64 2
64 7
64 22
64 38
66 13
66 34
66 44
66 63
22
0 9
1 0
1 1
2 3
2 5
3 0
3 5
3 9
4 10
5 11
7 3
7 6
7 9
8 5
8 8
9 10
10 1
10 10
10 11
11 3
11 5
11 10
1
0 0
133
0 1
0 27
1 24
1 25
1 50
2 40
2 62
3 2
3 59
3 61
3 67
4 0
4 1
5 30
5 35
6 52
7 13
7 65
9 3
9 20
9 27
10 32
10 48
11 54
11 61
12 15
12 35
14 13
15 4
15 64
15 66
16 9
16 22
16 35
17 31
18 28
20 58
20 65
21 31
21 66
21 68
22 3
24 41
24 50
24 51
25 31
25 53
26 16
26 50
27 41
27 51
27 57
27 58
28 20
28 69
29 10
29 25
29 34
30 8
30 14
30 26
30 32
30 53
30 56
32 3
32 22
32 29
32 67
33 46
34 68
35 0
35 14
35 16
36 31
36 32
36 34
36 49
36 57
37 19
38 53
39 20
41 4
41 34
42 3
42 11
42 39
42 46
42 59
43 50
44 9
44 33
44 67
45 62
46 35
47 42
48 50
48 58
49 23
51 7
51 63
51 66
52 46
53 6
53 15
53 33
55 10
55 28
55 44
56 7
56 10
56 40
56 41
57 12
57 14
57 55
58 27
58 47
60 5
60 22
61 40
62 0
62 42
63 15
63 29
63 35
63 37
63 55
64 59
64 61
65 10
69 23
69 51
70 36
100
0 9
0 34
1 17
1 32
2 2
3 33
5 9
5 16
5 26
5 33
6 37
7 0
7 1
7 7
7 13
7 16
7 25
7 30
8 0
8 13
8 21
8 31
8 32
9 17
9 19
9 37
10 3
10 4
10 8
10 9
10 16
10 21
10 22
11 32
11 38
12 2
12 13
12 23
12 26
13 17
13 26
14 26
15 12
15 22
16 12
16 13
17 8
17 18
18 9
18 35
19 2
19 21
19 30
19 38
20 33
20 36
21 18
22 39
23 0
23 17
24 18
26 0
26 23
26 31
26 37
27 20
27 34
28 9
28 13
28 14
28 17
28 23
28 36
29 13
29 17
29 35
29 36
30 3
30 28
30 31
31 21
31 28
32 27
33 34
34 6
34 19
34 37
35 26
35 31
35 34
35 40
36 10
38 12
38 28
38 29
38 31
39 27
39 35
40 21
40 33
19
0 3
0 11
0 12
1 7
2 5
4 0
4 2
4 4
6 1
6 5
6 6
6 8
7 2
8 4
8 9
9 1
10 2
10 6
10 7
44
0 3
0 7
0 11
0 15
1 3
1 6
1 9
1 11
1 13
2 2
3 3
3 6
3 13
4 15
6 13
7 9
7 12
7 15
8 1
8 2
8 12
9 4
9 16
10 9
10 10
10 14
11 0
11 1
11 2
11 8
11 11
12 3
12 15
13 4
13 5
13 6
13 12
13 13
14 12
15 0
16 6
16 13
16 15
16 16
155
0 31
0 37
1 18
1 49
1 52
3 49
3 51
3 59
4 0
5 6
5 16
5 37
6 52
6 68
7 54
7 79
8 28
9 3
10 6
10 39
10 67
10 82
11 32
12 32
12 58
15 18
15 40
16 9
16 63
16 65
16 66
17 5
18 9
18 21
18 39
20 0
20 16
20 60
20 73
20 77
22 17
22 73
24 34
24 74
24 81
25 47
25 74
26 20
26 44
27 33
27 52
27 55
28 33
30 83
31 9
31 29
32 80
33 81
34 58
35 17
35 53
36 23
36 55
36 63
36 68
37 73
39 22
39 81
40 22
40 23
41 50
41 63
42 19
42 20
42 46
42 52
43 9
43 13
43 48
43 55
43 71
45 83
46 73
46 80
47 83
48 54
48 56
49 4
49 29
49 35
49 81
50 43
50 57
50 58
51 36
52 35
53 11
53 71
54 30
56 83
57 32
58 72
60 58
61 14
61 42
61 67
62 3
62 25
62 55
62 68
63 13
63 46
63 66
64 18
64 24
64 41
64 62
64 76
65 15
65 19
65 20
65 21
66 62
66 71
67 24
68 45
68 83
69 2
69 55
70 18
70 78
72 51
72 53
73 35
74 62
75 38
75 39
75 42
75 45
75 58
75 61
76 14
76 26
76 66
77 79
78 31
78 35
78 61
79 33
79 41
80 24
82 1
82 41
82 70
82 78
174
0 12
0 16
0 35
0 64
1 9
1 47
2 50
2 65
2 69
3 16
3 38
3 58
4 2
4 3
4 4
4 47
5 9
5 17
5 60
6 28
7 22
7 33
7 49
7 51
7 70
8 6
8 15
9 16
9 21
9 61
9 69
11 52
12 15
12 34
12 53
13 53
14 10
14 52
14 64
15 7
15 20
15 67
15 69
17 14
17 43
18 41
18 55
19 54
20 19
20 35
21 2
21 14
21 23
21 26
21 62
22 37
23 12
24 12
25 25
25 45
26 49
27 17
27 48
27 51
28 38
28 50
28 72
29 0
29 1
29 10
29 11
29 56
29 60
29 65
29 67
30 9
30 13
31 15
31 29
31 59
32 9
32 22
32 31
33 32
33 58
34 44
34 63
35 8
36 24
36 40
37 20
37 49
37 70
38 12
38 45
38 47
39 0
39 27
39 44
40 16
40 58
42 13
42 14
43 9
43 11
43 13
43 24
43 36
44 1
44 17
44 28
44 37
44 72
45 2
45 26
45 33
45 36
46 20
46 41
47 10
47 34
47 36
47 63
47 71
48 51
49 27
49 48
51 40
51 64
52 33
52 60
53 70
54 28
54 60
54 66
55 15
55 26
55 72
56 24
57 47
57 52
57 55
58 24
58 42
59 45
60 8
61 43
61 60
63 6
63 73
64 31
64 59
65 36
65 40
65 44
65 51
66 40
66 47
67 28
67 48
68 16
68 50
68 66
69 17
69 66
70 9
70 55
71 3
71 57
72 51
73 31
73 45
73 65
73 73
111
0 7
1 4
2 5
3 28
5 53
6 38
7 23
7 34
7 37
8 25
10 25
10 40
10 44
10 47
11 12
11 33
11 54
12 51
13 20
13 57
14 42
14 55
15 13
15 22
15 36
16 0
16 24
16 35
17 6
17 22
17 44
17 50
19 21
19 27
20 0
20 41
21 4
21 23
21 25
21 26
21 38
22 26
22 29
22 34
22 59
23 47
24 25
24 39
25 34
25 55
26 40
26 52
27 30
27 35
28 34
29 13
30 17
30 23
30 46
31 26
32 20
33 10
33 37
34 6
34 21
35 10
35 17
37 26
38 3
38 11
38 33
39 13
39 22
39 46
40 6
40 29
40 42
41 48
42 9
42 44
42 45
43 6
44 0
44 24
44 34
44 35
44 51
45 7
46 9
46 40
47 16
47 25
48 54
49 53
50 26
50 36
51 22
51 49
53 57
54 18
54 31
54 53
54 57
55 4
56 18
56 26
58 15
59 2
59 20
59 24
59 45
1
1 0
177
1 17
1 50
2 10
2 20
3 53
3 76
4 85
5 28
5 73
6 15
7 26
7 27
7 28
7 36
7 71
8 65
8 72
9 2
9 23
10 27
10 56
11 24
12 87
13 42
14 78
15 2
16 21
16 31
16 33
17 9
17 56
18 11
18 54
19 12
19 37
19 43
20 68
21 1
21 3
21 46
21 69
22 2
22 43
22 45
22 49
22 66
23 37
24 19
24 28
24 50
24 80
26 17
26 23
27 10
27 33
27 64
28 5
28 51
28 71
28 80
29 15
29 18
29 38
29 70
29 71
30 48
30 67
31 7
31 17
32 32
32 68
33 69
34 13
34 86
35 36
35 70
36 7
36 84
37 2
37 16
37 54
37 70
37 73
38 8
38 86
39 19
39 22
39 73
40 50
41 50
41 76
42 26
42 27
42 56
42 59
43 30
43 46
46 62
46 74
47 10
47 16
47 63
48 11
48 37
48 47
49 1
49 56
50 18
50 75
51 0
51 79
51 86
53 23
53 50
54 58
54 66
55 28
56 27
56 29
56 64
58 30
58 76
58 77
59 25
59 57
59 61
59 78
60 13
60 56
62 52
62 61
62 78
62 80
62 83
63 3
65 49
65 67
66 55
66 68
67 28
68 66
69 72
70 58
70 62
71 24
71 32
71 45
72 38
73 59
73 79
74 35
74 76
74 81
76 43
77 28
77 54
78 63
78 69
78 84
79 28
79 29
80 37
80 58
81 79
82 60
82 62
83 12
83 16
83 59
83 75
85 4
85 44
85 53
86 11
87 12
87 44
87 66
75
1 13
2 17
2 25
3 3
3 36
4 5
5 19
5 30
6 20
7 11
7 14
7 18
7 32
9 2
9 4
9 10
9 36
9 40
10 20
12 0
12 17
13 40
14 17
14 33
14 38
15 1
16 8
17 1
17 21
18 1
18 7
18 12
18 17
18 40
19 4
19 31
20 2
21 20
22 17
22 23
23 18
23 31
24 2
25 4
25 8
25 30
26 13
27 0
27 31
27 34
27 40
28 27
29 26
31 15
32 23
32 33
33 1
33 40
34 28
36 7
36 19
36 21
37 0
37 9
37 23
37 39
38 9
38 26
38 35
39 1
39 4
39 9
39 13
39 34
39 38
103
0 2
0 36
1 18
1 41
2 5
2 28
2 34
2 45
3 13
3 51
3 56
4 28
4 56
5 15
6 19
6 57
7 27
7 32
8 10
8 22
9 47
9 52
10 0
10 17
10 25
10 52
11 42
13 33
15 46
17 35
18 22
18 35
18 55
19 23
19 31
19 41
19 49
20 19
21 54
22 6
22 24
23 17
23 22
23 24
23 33
23 40
24 17
24 36
25 2
25 5
25 35
25 47
26 16
27 16
27 36
28 18
28 22
28 53
28 56
29 22
30 9
30 31
31 10
31 34
31 49
31 55
32 1
32 50
34 7
34 23
35 18
37 12
37 33
37 34
38 15
38 42
39 18
40 13
40 15
40 24
40 57
42 5
42 22
42 44
43 12
43 50
44 10
46 14
46 23
47 6
47 25
48 18
49 29
52 5
53 1
54 5
54 8
55 5
55 6
55 14
55 46
57 12
57 46
